6
31
38
46
55
523
528
534
2706
2709
2712
2713
2714
2715
2716
2717
2718
2720
2721
2723
2725
2726
2727
2736
174
175
176
179
184
182
183
186
188
296
309
310
387
2827
421
423
425
426
428
433
434
437
443
445
448
451
453
456
458
392
395
396
397
398
399
400
401
402
403
404
406
407
409
410
411
412
413
554
567
579
581
582
589
593
594
597
598
604
608
610
615
620
621
624
625
626
628
634
635
638
639
641
645
649
650
653
654
655
657
671
673
674
676
679
683
2899
2900
1969
1997
2003
2007
2024
2061
2070
2071
2076
2114
2121
2123
2138
2147
2150
2157
2161
3148
3316
3317
3320
3321
3326
3330
3333
3334
3335
3336
3337
3338
3339
3340
3341
3363
3365
3366
3368
3373
3377
3378
3381
3394
3395
3400
3401
3402
3403
3404
3405
3406
3407
3409
3410
3411
3414
3415
3417
3422
3423
3425
3426
3427
3428
3429
3430
3431
3432
3433
3434
3435
3438
3440
3441
3443
3445
3446
3447
3450
3451
3453
3477
3503
3505
3506
3510
3522
