255 255 255
255 254 253
255 254 251
254 253 249
254 253 247
254 252 245
254 252 243
253 251 241
253 251 239
253 250 237
253 250 235
252 249 233
252 249 231
252 248 229
252 248 227
252 247 225
251 247 223
251 246 221
251 246 219
251 245 217
250 245 215
250 244 212
250 244 210
250 243 208
249 242 206
249 242 204
249 241 202
249 241 200
249 240 198
248 240 196
248 239 194
248 239 192
248 238 190
247 238 188
247 237 186
247 237 184
247 236 182
246 236 180
246 235 178
246 235 176
246 234 174
246 234 172
245 233 170
245 233 168
245 232 166
245 232 164
244 231 162
244 231 160
244 230 158
244 229 156
243 229 154
243 228 152
243 228 150
243 227 148
243 227 146
242 226 144
242 226 142
242 225 140
242 225 138
241 224 136
241 224 134
241 223 132
241 223 129
240 222 127
240 221 126
240 219 125
240 216 125
240 214 124
239 212 124
239 209 123
239 207 122
239 205 122
239 202 121
238 200 121
238 198 120
238 195 120
238 193 119
237 191 118
237 188 118
237 186 117
237 184 117
237 181 116
236 179 116
236 177 115
236 174 114
236 172 114
235 169 113
235 167 113
235 165 112
235 162 112
235 160 111
234 158 110
234 155 110
234 153 109
234 151 109
234 148 108
233 146 108
233 144 107
233 141 106
233 139 106
232 137 105
232 134 105
232 132 104
232 129 104
232 127 103
231 125 102
231 122 102
231 120 101
231 118 101
230 115 100
230 113 100
230 111 99
230 108 98
230 106 98
229 104 97
229 101 97
229 99 96
229 97 96
228 94 95
228 92 94
228 90 94
228 87 93
228 85 93
227 82 92
227 80 92
227 78 91
227 75 90
227 73 90
225 72 90
223 71 91
220 70 91
218 70 92
215 69 92
213 69 93
210 68 94
208 67 94
205 67 95
203 66 96
200 66 96
198 65 97
195 64 98
193 64 98
191 63 99
188 62 99
186 62 100
183 61 101
181 61 101
178 60 102
176 59 103
173 59 103
171 58 104
168 58 104
166 57 105
163 56 106
161 56 106
158 55 107
156 55 108
153 54 108
151 53 109
149 53 109
146 52 110
144 52 111
141 51 111
139 50 112
136 50 113
134 49 113
131 49 114
129 48 115
126 47 115
124 47 116
121 46 116
119 46 117
116 45 118
114 44 118
111 44 119
109 43 120
106 42 120
104 42 121
102 41 121
99 41 122
97 40 123
94 39 123
92 39 124
89 38 125
87 38 125
84 37 126
82 36 127
79 36 127
77 35 128
74 35 128
72 34 129
69 33 130
68 33 128
67 32 127
66 32 125
65 31 123
64 31 121
63 30 119
61 30 117
60 29 116
59 29 114
58 28 112
57 28 110
56 27 108
55 27 106
54 26 105
53 26 103
52 25 101
51 24 99
50 24 97
49 23 96
47 23 94
46 22 92
45 22 90
44 21 88
43 21 86
42 20 85
41 20 83
40 19 81
39 19 79
38 18 77
37 18 75
36 17 74
35 17 72
33 16 70
32 16 68
31 15 66
30 15 64
29 14 63
28 14 61
27 13 59
26 13 57
25 12 55
24 11 53
23 11 52
22 10 50
20 10 48
19 9 46
18 9 44
17 8 42
16 8 41
15 7 39
14 7 37
13 6 35
12 6 33
11 5 31
10 5 30
9 4 28
8 4 26
6 3 24
5 3 22
4 2 20
3 2 19
2 1 17
1 1 15
0 0 13